3.20641845107755
3.2714855114138
3.33672776584685
3.40223319641874
3.4267825070305
3.4280895760538
3.46235051004495
3.46604873063825
3.47716668372391
3.48295579186937
3.51017579772289
3.59535834211353
3.61566337267167
3.62666833758886
3.62730018593555
3.67269720983537
3.70514754763188
3.73332363328704
3.765138907204
3.76566381779006
3.77002426098416
3.80227481387914
3.8089353974141
3.81280654262305
3.813798751338
3.86293416836124
3.88243724260699
3.89407491074577
3.94087780739752
3.95279278051094
4.01088242490703
4.01285211850577
4.01733854344971
4.02499109057279
4.03388396937084
4.04590761087758
4.08090406287535
4.08201766777891
4.09335338116056
4.12706765251524
4.17003809854452
4.22492191635641
4.2593995608651
4.27298998940948
4.29864064491375
4.3403429012798
4.35622881956816
4.40391684585206
4.46239778238754
4.64714851895655
