2.09365891252678
2.54746991312429
2.59314740362222
2.5939464447592
2.59921024768529
2.63253842861717
2.64036642471311
2.66560884778027
2.66682223885265
2.6832408618622
2.69004637774645
2.70693784759392
2.77002781151256
2.778017104334
2.78297059411028
2.80553384141919
2.83939314398496
2.84412256186262
2.84843125698646
2.87930091191903
2.91913751455592
2.97061737790209
3.03384424839607
3.06009760781726
3.11281311044643
3.12485092533058
3.18119691659734
3.18991037799095
3.20714605147836
3.23558815398905
3.25005627592287
3.25898144971672
3.27237658088842
3.28231172220791
3.32523112480708
3.32983863249982
3.33394346686058
3.36625113515936
3.39459502792962
3.48718192579039
3.48925819236544
3.53078412246499
3.56857403594332
3.57019181247157
3.68678791444895
3.77390453168925
3.88888678991699
3.98699481168811
4.19464375876453
4.29617659797079
